0.0,3.81507,6.53203,9.99875,13.3693,81.0441,79.8407,78.1025,76.9291,75.7973,73.844,72.4215,71.2201,69.6056,67.8479,66.7674,65.6035,63.8075,61.8523,60.8039,59.2977,57.4527,56.1022,54.9991,53.4267,51.6355,49.9118,49.0637,47.3847,45.1926,44.2778,43.4101,41.3055,39.4444,38.7854,37.5115,34.9469,33.8743,33.7396,31.7919,29.6453,28.8801,28.2335,25.5844,23.8832,24.3491,22.9143,19.7171,19.482,20.2906,17.4929,14.9082,16.5605,16.3438,12.6597,12.2108,14.822,13.7359,10.1449,12.156,14.6123,12.452,11.203,14.8949,15.9624,13.7534,15.2394,18.7655,18.7772,18.0671,21.12,22.8287,23.6513,23.164,23.4207,20.8549,23.1249,25.8821,26.588,26.7334,23.4667,21.9161,22.6513,20.6687,17.7202,17.8716,18.4722,15.0187,13.4891,15.6962,14.5147,10.8955,12.4567,14.8719,12.6046,9.3633,8.91023,9.3993,8.53054,10.6458,11.9801,10.1848,6.48572,5.1792,4.49446,6.61236,9.44969,12.1807,15.6477,17.7697,17.7946,19.9131,23.0513,22.4869,21.7852,25.0598,27.2955,26.4183,28.8595
3.81507,0.0,3.73169,6.57705,10.2136,82.7468,81.4866,79.8914,78.7074,77.4228,75.5159,74.2294,72.9173,71.1814,69.5672,68.553,67.2148,65.389,63.6101,62.507,60.8277,59.1002,57.8908,56.6198,54.9141,53.3211,51.6615,50.5697,48.8694,46.9063,45.8755,44.7588,42.8166,41.101,40.1487,38.7469,36.461,35.3232,34.7924,32.8755,31.0174,29.9369,28.964,26.6005,25.0128,24.9234,23.2894,20.5215,19.9971,20.1214,17.4273,15.1885,16.1554,15.3128,11.6786,11.2479,13.0028,11.4161,7.76001,9.56229,11.4592,8.90209,7.73177,11.498,12.2191,10.0488,11.8767,15.234,15.1763,14.8436,17.9552,19.3874,20.0926,19.4244,19.6685,17.1106,19.5255,22.1691,22.9522,23.0553,19.7183,18.2896,19.1913,17.1601,14.1187,14.6374,15.4349,11.943,10.5731,13.3805,12.573,9.09887,11.2119,14.0182,12.2531,9.6471,10.0009,9.58753,9.49327,10.9401,11.0441,8.23647,5.32824,4.97436,6.55158,7.85494,11.4444,13.8003,17.2504,19.2811,19.8206,21.8819,25.1088,24.158,23.0756,26.5181,28.6705,27.3205,29.7225
6.53203,3.73169,0.0,3.78868,6.89095,85.8615,84.5111,82.9254,81.8326,80.5098,78.5302,77.3147,76.0618,74.2476,72.6089,71.7027,70.3746,68.4516,66.7074,65.7043,63.9547,62.1579,61.0537,59.8423,58.0296,56.4077,54.8734,53.7856,51.9579,50.0533,49.1392,47.9154,45.8995,44.3329,43.4137,41.8443,39.5997,38.6271,38.0027,35.932,34.2452,33.2462,32.0541,29.6535,28.314,28.1604,26.2729,23.6595,23.3175,23.134,20.3037,18.4516,19.3247,18.0095,14.4238,14.3671,15.5395,13.3615,10.0634,11.6474,12.5946,9.26488,8.38307,11.8804,11.5386,8.70597,11.1356,14.1737,13.2322,12.8376,16.3291,17.3828,18.641,17.7663,17.4955,14.9164,16.9304,19.925,20.9894,21.6393,18.2979,16.5172,18.0016,16.5326,13.0496,13.5358,15.2336,12.1858,10.1081,13.3195,13.5733,10.1738,11.5685,14.9791,14.0932,11.5337,11.2497,9.51379,8.9844,9.13143,8.53735,5.2862,3.81754,6.0801,8.93035,10.9688,14.5678,17.2139,20.4969,22.7636,23.4246,25.581,28.7596,27.7388,26.7285,30.2088,32.2817,30.883,33.3339
9.99875,6.57705,3.78868,0.0,3.78924,87.2994,85.8666,84.4158,83.3501,81.8794,79.9182,78.8533,77.5279,75.5811,74.064,73.26,71.7871,69.8055,68.2341,67.2261,65.3047,63.5888,62.6518,61.325,59.3627,57.9058,56.4824,55.1962,53.3085,51.6294,50.6717,49.206,47.3076,45.9305,44.7965,43.0676,41.0821,40.1365,39.1722,37.0845,35.7093,34.5268,33.0141,30.8508,29.7232,29.1576,27.0582,24.8804,24.4483,23.6735,20.9569,19.5979,19.9936,18.1004,14.8424,15.0664,15.3482,12.6614,10.0663,11.3519,11.1231,7.39517,7.44442,10.3264,8.88264,6.26975,9.57963,11.8743,10.4429,10.9184,14.4816,14.8245,15.9919,14.6038,13.9811,11.2016,13.1898,16.1522,17.2268,17.9918,14.6778,12.8133,14.5705,13.3562,9.70637,10.4636,12.6523,10.0473,8.00323,11.6417,12.6247,9.9022,11.3297,14.8246,14.6526,12.8811,13.15,10.9484,11.2675,10.9367,8.96907,5.17398,6.1011,8.32626,11.713,13.1794,16.9285,19.312,22.4066,24.65,25.7396,27.9284,31.0681,29.7036,28.5162,32.1032,33.9998,32.2719,34.7362
13.3693,10.2136,6.89095,3.78924,0.0,90.4124,88.891,87.4687,86.4872,84.9652,82.9459,81.964,80.6819,78.6528,77.1326,76.436,74.9554,72.8861,71.3689,70.4471,68.4482,66.6865,65.8605,64.5728,62.507,61.0482,59.7452,58.4431,56.4475,54.8462,53.9821,52.4076,50.4673,49.2345,48.1105,46.238,44.318,43.5093,42.4473,40.2477,39.0383,37.9125,36.2188,34.0605,33.1395,32.5111,30.2333,28.2138,27.915,26.9147,24.155,23.0907,23.4237,21.2506,18.1511,18.5997,18.5249,15.5983,13.4714,14.5415,13.628,9.91663,10.3088,12.3718,9.93206,7.35952,10.7516,12.1345,9.59233,10.2999,13.968,13.5609,15.3003,13.5633,12.1139,9.37826,10.543,13.9341,15.341,16.8271,13.721,11.4611,13.9343,13.5907,9.84305,10.4845,13.5362,11.8269,9.50297,12.9432,14.8256,12.545,13.2492,16.8656,17.3862,15.7848,15.6926,12.8422,12.9693,11.6144,8.88466,5.71494,8.43406,11.3253,14.9294,16.6855,20.3755,22.8998,25.8625,28.2462,29.4304,31.6895,34.7883,33.354,32.2182,35.8319,37.6502,35.8759,38.3754
81.0441,82.7468,85.8615,87.2994,90.4124,0.0,3.81841,5.15417,4.44788,5.63255,8.22355,9.08789,9.8848,11.9197,13.5534,14.3721,15.7339,17.566,19.2466,20.4293,22.1381,23.7574,24.9821,26.4185,28.0466,29.4677,31.2354,32.512,34.0164,35.8609,37.169,38.3749,39.9999,41.7473,43.1328,44.4157,46.3096,47.8033,48.864,50.3968,51.8938,53.7362,54.9639,56.5524,58.1842,59.4085,60.9332,62.6824,64.1279,65.3146,66.969,68.5656,69.6425,71.2344,73.3619,74.5133,75.9695,77.4151,78.9461,80.6639,82.0766,83.642,84.9891,86.5598,88.357,89.4531,90.7011,92.8152,94.4053,95.6659,97.6403,98.6224,97.0667,95.6715,96.2574,93.2665,95.1723,95.8531,93.5588,91.5793,91.035,90.3356,87.3404,85.6439,86.4822,84.8444,81.7945,81.2479,82.1685,79.5745,76.6596,77.9884,77.9644,74.5252,73.12,75.0148,76.5216,79.9771,82.106,85.773,86.7856,86.8118,84.1348,80.3972,77.6769,74.9976,71.663,69.1187,65.5311,63.945,64.4982,64.2802,60.5474,59.9895,62.323,60.1349,56.7678,58.911,58.8998
79.8407,81.4866,84.5111,85.8666,88.891,3.81841,0.0,3.76788,5.28739,4.78059,6.04926,8.31039,9.62878,10.5351,12.0653,13.8677,15.1173,16.1853,18.1643,19.8648,21.0874,22.4028,24.1226,25.7192,26.876,28.23,30.3913,31.615,32.739,34.7545,36.3145,37.2377,38.7081,40.7453,42.1668,43.1404,45.0957,46.8287,47.7565,49.0689,50.7588,52.7065,53.7027,55.2273,57.0753,58.2915,59.6082,61.422,63.0283,64.0876,65.6235,67.3821,68.5284,69.9474,72.05,73.3747,74.8006,76.0829,77.6753,79.5144,80.8091,82.2889,83.7757,85.389,87.0431,88.1522,89.5401,91.6098,93.0845,94.4362,96.4905,97.3513,95.8333,94.308,94.7615,91.707,93.4922,94.1722,91.7848,89.8738,89.4333,88.6436,85.5979,84.0392,84.9003,83.1347,80.1161,79.702,80.5485,77.8368,75.0329,76.436,76.2677,72.7786,71.5374,73.5025,74.9789,78.3629,80.5691,84.1993,85.1325,85.252,82.6809,78.9691,76.3444,73.7146,70.4163,67.975,64.3273,62.9189,63.6447,63.6419,59.9302,59.1825,61.6026,59.6096,56.1507,58.2351,58.4555
78.1025,79.8914,82.9254,84.4158,87.4687,5.15417,3.76788,0.0,3.7971,5.27981,5.06642,5.94764,8.52333,10.0118,10.4105,12.0488,14.1628,15.1418,16.4083,18.4102,20.0696,20.941,22.3599,24.3937,25.7399,26.6435,28.7429,30.3713,31.4439,33.1231,34.8711,36.056,37.2793,39.1819,40.89,41.9196,43.6066,45.4063,46.6007,47.8242,49.322,51.4406,52.5646,53.8885,55.6796,57.1149,58.4424,60.051,61.7395,62.9829,64.3942,66.0252,67.3309,68.8284,70.7787,72.0812,73.6762,74.9437,76.3752,78.2812,79.7032,81.0746,82.4706,84.2109,85.8977,86.8614,88.2563,90.448,91.8752,93.1072,95.2317,96.1787,94.7749,93.2944,93.7309,90.634,92.4303,93.2511,90.9488,89.1316,88.5638,87.6808,84.73,83.1494,83.8511,82.0664,79.1379,78.5983,79.3185,76.6665,73.8503,75.0893,74.8724,71.4515,70.1342,71.9439,73.2773,76.694,78.7707,82.3959,83.4717,83.677,81.0327,77.3327,74.6133,72.0836,68.7016,66.3353,62.6947,61.3329,61.9075,61.9115,58.1599,57.5695,60.1197,58.0947,54.707,56.9812,57.2582
76.9291,78.7074,81.8326,83.3501,86.4872,4.44788,5.28739,3.7971,0.0,3.73102,5.42967,4.86555,6.10972,8.71712,9.66938,10.1869,12.0905,13.9238,15.1456,16.4582,18.4573,19.8339,20.8476,22.531,24.288,25.4495,27.1597,28.6752,30.1614,31.8027,33.2104,34.5802,36.0639,37.7202,39.2755,40.6007,42.3311,43.8569,45.0841,46.5683,47.9405,49.8856,51.1984,52.665,54.2539,55.6147,57.1518,58.771,60.2625,61.5688,63.1476,64.6592,65.8351,67.4804,69.5117,70.6449,72.2096,73.649,75.0761,76.8333,78.3299,79.8282,81.114,82.7644,84.5853,85.589,86.8384,89.0304,90.5924,91.7761,93.7933,94.8313,93.3506,91.9886,92.5702,89.5569,91.4829,92.2572,90.0341,88.1129,87.4673,86.7139,83.7903,82.0631,82.7913,81.1569,78.1624,77.5189,78.3686,75.8284,72.8908,74.1122,74.0814,70.69,69.2167,71.0182,72.4585,75.9398,77.9969,81.6668,82.7569,82.8105,80.084,76.3501,73.5746,70.9417,67.563,65.0522,61.4711,59.9054,60.3815,60.1804,56.4277,55.9404,58.3546,56.1667,52.8309,55.0886,55.1441
75.7973,77.4228,80.5098,81.8794,84.9652,5.63255,4.78059,5.27981,3.73102,0.0,3.73457,5.29081,5.10573,6.33653,8.46762,9.66903,10.5306,12.0813,14.1509,15.4038,16.7309,18.4069,19.9292,21.2548,22.6223,24.181,26.1136,27.2228,28.6001,30.6212,31.9563,32.9716,34.6197,36.5111,37.8202,38.9758,40.9693,42.5268,43.4669,44.9472,46.5592,48.3941,49.51,51.1281,52.8452,54.013,55.4657,57.285,58.7636,59.8668,61.5096,63.1884,64.2531,65.7699,67.9218,69.1356,70.5466,71.9408,73.5253,75.2689,76.6169,78.1769,79.5879,81.1464,82.8897,84.0206,85.3131,87.3867,88.9485,90.2651,92.2511,93.1739,91.6125,90.1694,90.7226,87.7247,89.6083,90.2682,87.9528,85.9761,85.4585,84.7544,81.741,80.0684,80.932,79.2782,76.2174,75.7144,76.6501,74.0279,71.1292,72.5136,72.488,69.0233,67.6598,69.6225,71.1892,74.6206,76.8227,80.4879,81.4203,81.4167,78.7881,75.051,72.3944,69.6833,66.3959,63.8507,60.2423,58.6995,59.3858,59.2725,55.5694,54.8505,57.1839,55.1166,51.6749,53.7394,53.8589
73.844,75.5159,78.5302,79.9182,82.9459,8.22355,6.04926,5.06642,5.42967,3.73457,0.0,3.77199,5.34763,5.27222,6.08515,8.51172,9.93938,10.4251,12.2692,14.3478,15.4696,16.456,18.2856,20.1045,21.1215,22.2736,24.56,25.9113,26.8711,28.8181,30.5329,31.4624,32.7838,34.8574,36.4032,37.3055,39.168,40.9963,41.9994,43.2119,44.8689,46.9196,47.9113,49.3317,51.2073,52.5189,53.7897,55.5268,57.2071,58.3217,59.7722,61.5096,62.7452,64.1607,66.1868,67.5401,69.0388,70.2777,71.8078,73.7042,75.0337,76.4449,77.9181,79.5997,81.239,82.2837,83.7038,85.8203,87.2491,88.5653,90.6681,91.5427,90.0907,88.5638,88.9896,85.9069,87.6922,88.446,86.1053,84.2517,83.7399,82.8933,79.8987,78.3329,79.1095,77.3291,74.3562,73.8859,74.6707,71.9832,69.174,70.514,70.3269,66.8619,65.5929,67.5141,68.9578,72.3493,74.534,78.1649,79.1233,79.2597,76.6746,72.967,70.3306,67.7304,64.4178,62.0151,58.3568,57.0059,57.7441,57.8284,54.1187,53.3368,55.8364,53.9239,50.4514,52.5919,52.9586
72.4215,74.2294,77.3147,78.8533,81.964,9.08789,8.31039,5.94764,4.86555,5.29081,3.77199,0.0,3.79891,5.70604,5.12979,6.13824,8.72247,9.84934,10.6526,12.561,14.5221,15.3766,16.5042,18.5777,20.1414,20.9744,22.8908,24.6146,25.8331,27.3793,29.0468,30.3973,31.6464,33.3947,35.1329,36.3093,37.9225,39.6225,40.9239,42.2319,43.6025,45.7032,46.9577,48.2763,49.9518,51.43,52.8582,54.3982,56.0224,57.3619,58.806,60.3345,61.6363,63.2305,65.1634,66.3781,68.0198,69.3622,70.7334,72.5921,74.0951,75.4883,76.7987,78.5408,80.3025,81.2348,82.5625,84.7958,86.2705,87.4393,89.5362,90.5546,89.1587,87.7543,88.2609,85.1948,87.0748,87.9291,85.7196,83.8856,83.2059,82.358,79.4711,77.7897,78.434,76.7353,73.8057,73.148,73.8975,71.3418,68.4425,69.6114,69.4995,66.1219,64.6761,66.4376,67.809,71.2754,73.3173,76.9725,78.0823,78.2046,75.4932,71.7747,69.0055,66.436,63.0405,60.6139,57.0032,55.5568,56.07,56.0132,52.2578,51.7139,54.2497,52.1833,48.8203,51.142,51.4007
71.2201,72.9173,76.0618,77.5279,80.6819,9.8848,9.62878,8.52333,6.10972,5.10573,5.34763,3.79891,0.0,3.77203,5.13268,4.77752,5.98385,8.19404,9.64767,10.549,12.4249,14.1452,15.1761,16.5481,18.3039,19.7279,21.3681,22.6669,24.261,26.039,27.2882,28.5835,30.2225,31.879,33.2853,34.6483,36.4883,37.9312,39.0676,40.6355,42.0453,43.8967,45.2046,46.7674,48.3309,49.6044,51.1808,52.8667,54.2902,55.5536,57.2031,58.729,59.8303,61.4808,63.5724,64.6788,66.1886,67.6651,69.1372,70.8452,72.32,73.8745,75.1641,76.76,78.5968,79.6512,80.8704,83.0255,84.6267,85.838,87.8137,88.8413,87.3195,85.9721,86.5952,83.6175,85.5888,86.3233,84.1249,82.1574,81.4921,80.798,77.8763,76.0955,76.8556,75.2841,72.2493,71.5891,72.5172,70.0115,67.0264,68.2873,68.3524,64.9556,63.4383,65.2982,66.8518,70.3424,72.4594,76.1498,77.1691,77.1147,74.3927,70.6427,67.9007,65.1839,61.8537,59.2677,55.6978,54.0699,54.6271,54.4274,50.704,50.1073,52.4546,50.3061,46.9216,49.0975,49.1768
69.6056,71.1814,74.2476,75.5811,78.6528,11.9197,10.5351,10.0118,8.71712,6.33653,5.27222,5.70604,3.77203,0.0,3.73139,5.38344,5.072,5.80545,8.43635,9.81711,10.5707,12.2286,14.1052,15.3468,16.3861,18.0293,20.1448,21.1248,22.3339,24.4918,25.8905,26.7424,28.365,30.3826,31.6666,32.6983,34.7396,36.3746,37.2481,38.656,40.3406,42.2042,43.2382,44.8424,46.6278,47.7887,49.1757,51.0168,52.5429,53.6094,55.2141,56.9403,58.0284,59.494,61.6347,62.8997,64.3077,65.6523,67.249,69.0299,70.3489,71.8806,73.3276,74.9031,76.6064,77.7364,79.069,81.1336,82.6604,84.0002,86.011,86.9009,85.3615,83.8883,84.4127,81.4014,83.2765,83.9524,81.6479,79.6939,79.1578,78.4315,75.4302,73.7627,74.6076,72.9445,69.8923,69.3893,70.3167,67.6918,64.7946,66.1917,66.1695,62.6988,61.3436,63.3389,64.9454,68.3648,70.6121,74.2778,75.1602,75.1308,72.5282,68.7919,66.177,63.4479,60.1929,57.6555,54.031,52.5363,53.3302,53.3291,49.6554,48.7945,51.1543,49.2156,45.7122,47.7352,48.0188
67.8479,69.5672,72.6089,74.064,77.1326,13.5534,12.0653,10.4105,9.66938,8.46762,6.08515,5.12979,5.13268,3.73139,0.0,3.83594,5.54147,5.0656,6.21632,8.7569,9.97897,10.535,12.2554,14.356,15.4085,16.2834,18.5523,20.1158,21.0373,22.8054,24.6079,25.6822,26.8836,28.8678,30.5557,31.5117,33.2308,35.0679,36.2232,37.4139,38.9443,41.0717,42.1603,43.4863,45.2993,46.7254,48.0332,49.6538,51.3498,52.5817,53.9857,55.6301,56.937,58.4211,60.3718,61.6844,63.2768,64.535,65.9708,67.8799,69.2962,70.6674,72.0683,73.8066,75.4881,76.4579,77.856,80.0405,81.4665,82.7083,84.8307,85.7682,84.3725,82.897,83.3476,80.2625,82.0994,82.9328,80.6851,78.8661,78.231,77.3616,74.4471,72.814,73.487,71.7478,68.8126,68.2219,68.9722,66.3649,63.5008,64.7393,64.598,61.1828,59.8086,61.6533,63.0809,66.5121,68.6447,72.2937,73.308,73.417,70.7725,67.057,64.3692,61.7755,58.4333,56.026,52.3796,51.0164,51.7029,51.8015,48.0849,47.3331,49.8894,47.9945,44.5398,46.7686,47.218
66.7674,68.553,71.7027,73.26,76.436,14.3721,13.8677,12.0488,10.1869,9.66903,8.51172,6.13824,4.77752,5.38344,3.83594,0.0,3.80596,5.41775,5.26443,6.47882,8.96129,10.072,10.6697,12.5468,14.4772,15.4105,16.9805,18.6788,20.1964,21.656,23.0869,24.6071,26.009,27.553,29.2153,30.6073,32.2116,33.7229,35.0833,36.5578,37.8081,39.8117,41.2133,42.6005,44.1247,45.5816,47.1528,48.6691,50.1683,51.5772,53.1137,54.5425,55.7793,57.4814,59.4445,60.5433,62.189,63.6407,64.9851,66.7541,68.3232,69.7841,71.0089,72.7085,74.5604,75.5003,76.7341,78.9811,80.5359,81.6604,83.6958,84.7805,83.3556,82.0377,82.6429,79.6338,81.6185,82.4681,80.3518,78.4648,77.6828,76.9141,74.0808,72.2748,72.8979,71.3212,68.3617,67.5904,68.4222,65.9771,62.974,64.1037,64.1495,60.8117,59.2203,60.9671,62.4359,65.9533,67.9883,71.6801,72.7874,72.7727,69.9983,66.2547,63.4519,60.7965,57.4136,54.8784,51.3107,49.7261,50.2021,50.0498,46.3024,45.7747,48.239,46.1168,42.7643,45.0865,45.2872
65.6035,67.2148,70.3746,71.7871,74.9554,15.7339,15.1173,14.1628,12.0905,10.5306,9.93938,8.72247,5.98385,5.072,5.54147,3.80596,0.0,3.72814,5.40593,5.11542,6.57315,8.94532,9.97677,10.7624,12.4783,14.2966,15.8237,16.795,18.519,20.4758,21.52,22.705,24.5292,26.1892,27.4144,28.8101,30.775,32.128,33.1572,34.8104,36.2637,38.0156,39.3117,40.9732,42.5132,43.6956,45.3071,47.0607,48.418,49.6359,51.3522,52.8946,53.9242,55.5755,57.7241,58.8078,60.2645,61.7725,63.2878,64.9513,66.4032,68.0084,69.3036,70.8493,72.6977,73.7991,74.993,77.1128,78.7472,79.9859,81.9248,82.94,81.383,80.0476,80.7076,77.7633,79.7781,80.4783,78.3086,76.3005,75.6104,74.9707,72.0558,70.2216,71.0075,69.4985,66.4275,65.7474,66.7504,64.2828,61.2506,62.5486,62.7112,59.3131,57.7505,59.669,61.3384,64.834,67.0115,70.7181,71.663,71.4994,68.7855,65.0225,62.3198,59.5197,56.2447,53.5857,50.0294,48.3437,48.9964,48.8129,45.1287,44.4004,46.6799,44.5917,41.1508,43.2351,43.3636
63.8075,65.389,68.4516,69.8055,72.8861,17.566,16.1853,15.1418,13.9238,12.0813,10.4251,9.84934,8.19404,5.80545,5.0656,5.41775,3.72814,0.0,3.77817,5.34008,5.14015,6.46144,8.7107,10.0165,10.709,12.2524,14.5392,15.5484,16.5676,18.728,20.2544,21.0656,22.575,24.6464,26.0174,26.9761,28.9562,30.6725,31.5986,32.9238,34.5864,36.5339,37.5625,39.0855,40.893,42.1303,43.4821,45.262,46.8462,47.9598,49.4968,51.2045,52.3645,53.8297,55.909,57.1951,58.6637,59.9754,61.5207,63.3462,64.696,66.1742,67.6077,69.2377,70.9318,72.0105,73.3667,75.4693,76.9616,78.2726,80.3207,81.2228,79.7378,78.2674,78.7756,75.7456,77.6329,78.3713,76.1197,74.2107,73.5988,72.8317,69.8822,68.1931,68.9615,67.3009,64.2838,63.7184,64.605,62.0147,59.0979,60.4409,60.4272,56.9801,55.5819,57.5482,59.1533,62.5835,64.824,68.4957,69.3858,69.3448,66.728,62.9908,60.3716,57.6487,54.3915,51.8709,48.2378,46.7831,47.6143,47.705,44.0447,43.1128,45.5369,43.6977,40.1667,42.2233,42.6737
61.8523,63.6101,66.7074,68.2341,71.3689,19.2466,18.1643,16.4083,15.1456,14.1509,12.2692,10.6526,9.64767,8.43635,6.21632,5.26443,5.40593,3.77817,0.0,3.77907,5.21933,4.94342,6.04206,8.5205,9.82258,10.3335,12.3728,14.2068,15.2509,16.7423,18.519,19.8578,21.0061,22.7752,24.5785,25.7101,27.2708,29.0152,30.3581,31.6155,32.954,35.1055,36.3661,37.6358,39.3084,40.8325,42.2494,43.7474,45.3931,46.769,48.1776,49.6846,51.0229,52.6243,54.5219,55.7382,57.4157,58.7469,60.0851,61.9594,63.4853,64.8554,66.1494,67.9156,69.679,70.5872,71.9185,74.169,75.6327,76.7873,78.8957,79.921,78.5579,77.1693,77.6889,74.63,76.5581,77.4548,75.328,73.5131,72.7299,71.8798,69.0588,67.3123,67.8882,66.242,63.3271,62.5805,63.3385,60.8538,57.8962,59.0245,58.9954,55.6459,54.1111,55.8754,57.3271,60.8166,62.893,66.5728,67.6412,67.6681,64.9406,61.2077,58.454,55.8297,52.4627,50.0002,46.3866,44.9413,45.5494,45.6034,41.8795,41.1803,43.7537,41.8339,38.408,40.725,41.2059
60.8039,62.507,65.7043,67.2261,70.4471,20.4293,19.8648,18.4102,16.4582,15.4038,14.3478,12.561,10.549,9.81711,8.7569,6.47882,5.11542,5.34008,3.77907,0.0,3.78119,5.51493,5.12089,6.10239,8.49905,9.82964,10.901,12.3065,14.2111,15.7273,16.7823,18.3585,20.0283,21.4137,22.8701,24.4488,26.1474,27.4506,28.7633,30.4214,31.6279,33.4831,34.97,36.4845,37.8935,39.2583,40.9478,42.5086,43.8747,45.2845,46.9347,48.3199,49.4546,51.2199,53.2516,54.264,55.8635,57.4054,58.7746,60.4531,62.0374,63.5819,64.7656,66.3957,68.3072,69.2946,70.4545,72.6764,74.305,75.4309,77.3997,78.5085,77.0334,75.7713,76.4607,73.5113,75.5848,76.3968,74.3478,72.3961,71.5485,70.8707,68.0674,66.1547,66.7948,65.3349,62.3282,61.4853,62.4265,60.0705,56.9762,58.1187,58.3293,55.0131,53.3092,55.0967,56.7126,60.2582,62.3374,66.0589,67.1034,66.9283,64.129,60.3627,57.5746,54.804,51.4742,48.8163,45.2861,43.5692,44.0976,43.8933,40.1806,39.5606,41.9224,39.8055,36.4134,38.6612,38.8532
59.2977,60.8277,63.9547,65.3047,68.4482,22.1381,21.0874,20.0696,18.4573,16.7309,15.4696,14.5221,12.4249,10.5707,9.97897,8.96129,6.57315,5.14015,5.21933,3.78119,0.0,3.81453,5.36931,5.17426,5.94321,8.25472,10.036,10.5635,12.0253,14.3066,15.3911,16.2483,18.0894,19.9687,21.1077,22.3044,24.381,25.8468,26.7452,28.2988,29.8828,31.6658,32.8267,34.486,36.1366,37.292,38.8039,40.608,42.0333,43.1818,44.8506,46.4765,47.5309,49.0988,51.243,52.4078,53.8478,55.2817,56.8289,58.5456,59.9437,61.5146,62.8728,64.4355,66.2206,67.3322,68.5878,70.6852,72.2703,73.5538,75.5263,76.4848,74.9507,73.5641,74.1794,71.2157,73.212,73.9234,71.7569,69.7764,69.076,68.4083,65.5005,63.6812,64.4539,62.9275,59.863,59.1967,60.1945,57.7144,54.6883,56.0186,56.1848,52.7724,51.2311,53.2095,54.9448,58.4173,60.6688,64.373,65.236,65.0361,62.3679,58.6063,55.9725,53.1411,49.92,47.2686,43.6862,42.0704,42.9007,42.8904,39.2596,38.296,40.6061,38.7235,35.1822,37.1842,37.569
57.4527,59.1002,62.1579,63.5888,66.6865,23.7574,22.4028,20.941,19.8339,18.4069,16.456,15.3766,14.1452,12.2286,10.535,10.072,8.94532,6.46144,4.94342,5.51493,3.81453,0.0,3.74953,5.65129,5.36671,5.8557,8.60104,10.0401,10.5245,12.4113,14.3567,15.2524,16.3549,18.454,20.1531,20.998,22.7176,24.6161,25.7599,26.8912,28.4276,30.5912,31.6594,32.9579,34.7804,36.2284,37.521,39.1219,40.8313,42.0831,43.464,45.0975,46.4259,47.9131,49.8426,51.1552,52.7704,54.0233,55.4377,57.353,58.7866,60.1471,61.5334,63.2841,64.9711,65.928,67.323,69.5173,70.9417,72.1746,74.299,75.2429,73.8709,72.4155,72.8895,69.8186,71.7158,72.5841,70.4255,68.6146,67.8689,67.0105,64.1623,62.4498,63.0604,61.3882,58.4571,57.7716,58.549,56.0207,53.0842,54.2925,54.2584,50.8684,49.3933,51.2585,52.7975,56.2531,58.4356,62.1127,63.068,63.055,60.3955,56.662,54.0005,51.3308,48.0332,45.5731,41.9258,40.5569,41.3764,41.6038,37.9448,36.983,39.5591,37.8513,34.322,36.5074,37.2175
56.1022,57.8908,61.0537,62.6518,65.8605,24.9821,24.1226,22.3599,20.8476,19.9292,18.2856,16.5042,15.1761,14.1052,12.2554,10.6697,9.97677,8.7107,6.04206,5.12089,5.36931,3.74953,0.0,3.86913,5.62982,5.19617,6.40168,8.75215,10.0736,11.0226,12.6634,14.4387,15.5378,16.9294,18.8584,20.2677,21.6144,23.1861,24.7663,26.1381,27.216,29.3648,30.8512,32.0707,33.5473,35.1695,36.7338,38.0923,39.6521,41.192,42.624,43.9639,45.3174,47.06,48.9082,50.0001,51.7613,53.1875,54.4222,56.2404,57.8861,59.2688,60.4394,62.2215,64.0818,64.9322,66.1783,68.4929,70.0087,71.0709,73.1516,74.2728,72.9347,71.6475,72.2524,69.234,71.2677,72.221,70.23,68.4108,67.4679,66.655,63.9389,62.0611,62.5391,61.0114,58.1155,57.1947,57.9774,55.6412,52.576,53.5854,53.7019,50.4345,48.7114,50.389,51.8845,55.4358,57.4525,61.1642,62.2819,62.2,59.3821,55.6314,52.8089,50.1374,46.7526,44.2107,40.6455,39.0825,39.5995,39.5843,35.8548,35.2145,37.7885,35.8308,32.4389,34.8507,35.3542
54.9991,56.6198,59.8423,61.325,64.5728,26.4185,25.7192,24.3937,22.531,21.2548,20.1045,18.5777,16.5481,15.3468,14.356,12.5468,10.7624,10.0165,8.5205,6.10239,5.17426,5.65129,3.86913,0.0,3.78875,5.53165,5.48174,6.24372,8.66323,10.2197,10.7911,12.3879,14.325,15.5575,16.7987,18.5227,20.3058,21.4395,22.6992,24.4892,25.6674,27.4133,28.9497,30.5531,31.8866,33.1845,34.945,36.5378,37.8197,39.2254,40.9424,42.3057,43.3783,45.1749,47.2464,48.2134,49.7842,51.3722,52.7578,54.3872,55.9756,57.5654,58.7304,60.3214,62.2603,63.2768,64.4005,66.6043,68.2692,69.4025,71.3365,72.4505,70.9534,69.72,70.457,67.5451,69.6797,70.4765,68.4874,66.504,65.5937,64.9701,62.202,60.2114,60.8474,59.4725,56.4412,55.5367,56.5515,54.2695,51.1071,52.2554,52.5948,49.3024,47.5101,49.3348,51.0768,54.6343,56.76,60.4984,61.4763,61.1716,58.3651,54.5857,51.8276,48.9644,45.692,42.9442,39.4406,37.6404,38.2609,38.0744,34.4094,33.6403,35.9364,33.895,30.4386,32.612,32.8962
53.4267,54.9141,58.0296,59.3627,62.507,28.0466,26.876,25.7399,24.288,22.6223,21.1215,20.1414,18.3039,16.3861,15.4085,14.4772,12.4783,10.709,9.82258,8.49905,5.94321,5.36671,5.62982,3.78875,0.0,3.86598,5.48946,5.11803,6.11435,8.76005,9.84516,10.3669,12.1929,14.2325,15.3324,16.3723,18.4851,20.0424,20.9003,22.3623,23.9892,25.8317,26.9327,28.5458,30.2496,31.4386,32.8924,34.6788,36.1615,37.3145,38.925,40.5686,41.675,43.2131,45.3181,46.5234,47.9949,49.383,50.9095,52.6706,54.0695,55.5967,56.9674,58.5681,60.3264,61.4114,62.7014,64.813,66.3612,67.6438,69.6489,70.5945,69.1025,67.7026,68.297,65.3195,67.3261,68.0814,65.9616,64.0181,63.2527,62.5552,59.6921,57.8517,58.5657,57.0485,54.0075,53.2927,54.2724,51.8247,48.7755,50.0815,50.2781,46.8819,45.3022,47.291,49.0742,52.5457,54.8286,58.5369,59.3619,59.1184,56.4575,52.6941,50.0908,47.2353,44.046,41.3941,37.8006,36.2295,37.1824,37.3188,33.7414,32.591,34.9467,33.2514,29.6436,31.6121,32.2588
51.6355,53.3211,56.4077,57.9058,61.0482,29.4677,28.23,26.6435,25.4495,24.181,22.2736,20.9744,19.7279,18.0293,16.2834,15.4105,14.2966,12.2524,10.3335,9.82964,8.25472,5.8557,5.19617,5.53165,3.86598,0.0,3.76091,5.63254,5.28277,6.5728,8.93027,10.0133,10.6916,12.6744,14.6757,15.5303,16.9648,18.9247,20.3109,21.3543,22.6941,24.9953,26.1818,27.3191,29.0651,30.68,32.0007,33.4357,35.1787,36.5803,37.8828,39.4011,40.8287,42.3892,44.215,45.4868,47.217,48.4802,49.7791,51.7163,53.2465,54.5517,55.8584,57.6777,59.4038,60.2735,61.6501,63.9183,65.3319,66.4854,68.6351,69.6415,68.338,66.9368,67.4341,64.3636,66.3183,67.2779,65.2353,63.4723,62.5793,61.6942,58.9516,57.1613,57.643,56.0261,53.1486,52.3142,53.0506,50.6302,47.6279,48.7101,48.744,45.4243,43.8121,45.589,47.1281,50.6275,52.7606,56.458,57.4607,57.3991,54.6764,50.9337,48.2231,45.5492,42.2274,39.7562,36.1203,34.7457,35.5414,35.8354,32.1886,31.1986,33.8618,32.2459,28.7277,31.013,31.9202
49.9118,51.6615,54.8734,56.4824,59.7452,31.2354,30.3913,28.7429,27.1597,26.1136,24.56,22.8908,21.3681,20.1448,18.5523,16.9805,15.8237,14.5392,12.3728,10.901,10.036,8.60104,6.40168,5.48174,5.48946,3.76091,0.0,3.80133,5.23497,5.07703,6.33696,8.63992,9.68937,10.604,12.5927,14.2767,15.4493,16.8195,18.5701,20.0601,20.9261,23.0365,24.694,25.9078,27.2214,28.8822,30.5651,31.8462,33.3174,34.956,36.4263,37.657,38.9935,40.8292,42.6646,43.6664,45.4622,46.9597,48.1441,49.909,51.6209,53.0308,54.1267,55.8984,57.8215,58.6564,59.8411,62.1786,63.7385,64.7588,66.8078,67.9784,66.6439,65.4238,66.0978,63.1227,65.2466,66.2224,64.3424,62.5078,61.4405,60.6766,58.0434,56.0511,56.4684,55.0559,52.1615,51.1065,51.9434,49.7367,46.5736,47.5176,47.7939,44.5914,42.7079,44.36,45.962,49.5521,51.5694,55.3077,56.4043,56.1812,53.3134,49.5448,46.7076,43.9501,40.5931,37.951,34.4252,32.7498,33.2878,33.2696,29.5687,28.8414,31.394,29.4927,26.071,28.5011,29.1283
49.0637,50.5697,53.7856,55.1962,58.4431,32.512,31.615,30.3713,28.6752,27.2228,25.9113,24.6146,22.6669,21.1248,20.1158,18.6788,16.795,15.5484,14.2068,12.3065,10.5635,10.0401,8.75215,6.24372,5.11803,5.63254,3.80133,0.0,3.79575,5.43324,4.97837,6.19931,8.56001,9.75369,10.622,12.3509,14.3185,15.3647,16.4629,18.3061,19.561,21.2327,22.7099,24.3918,25.7466,26.967,28.7132,30.3731,31.6384,32.9878,34.7255,36.1362,37.1774,38.9367,41.0393,42.0321,43.5666,45.1367,46.5616,48.1926,49.743,51.3443,52.5436,54.1161,56.0298,57.0779,58.2198,60.3927,62.0504,63.2234,65.1554,66.2318,64.7303,63.4787,64.2167,61.3167,63.4762,64.2645,62.3104,60.3217,59.3717,58.7677,56.0229,53.9936,54.625,53.294,50.2481,49.3172,50.3817,48.1384,44.936,46.1156,46.5454,43.2601,41.425,43.3204,45.1956,48.7396,50.9472,54.69,55.5652,55.1519,52.3755,48.5901,45.904,42.9552,39.765,36.9584,33.4576,31.6451,32.4691,32.4232,28.849,27.7827,30.044,28.2224,24.6462,26.6861,27.24
47.3847,48.8694,51.9579,53.3085,56.4475,34.0164,32.739,31.4439,30.1614,28.6001,26.8711,25.8331,24.261,22.3339,21.0373,20.1964,18.519,16.5676,15.2509,14.2111,12.0253,10.5245,10.0736,8.66323,6.11435,5.28277,5.23497,3.79575,0.0,3.78984,5.28418,4.90678,6.09618,8.57639,9.89849,10.4811,12.4516,14.3392,15.271,16.4142,18.0515,20.1344,21.1405,22.5392,24.3582,25.714,27.0264,28.6978,30.3464,31.5608,32.9986,34.6469,35.9131,37.4033,39.3821,40.6707,42.2468,43.5317,44.978,46.8492,48.2737,49.6839,51.064,52.7696,54.4768,55.476,56.8392,59.0042,60.4666,61.7217,63.807,64.7448,63.3517,61.927,62.4627,59.4401,61.4361,62.294,60.2401,58.3912,57.5268,56.7392,53.9553,52.115,52.7015,51.1583,48.1902,47.3972,48.2853,45.8723,42.816,44.0401,44.2179,40.8549,39.2325,41.1855,42.9611,46.4349,48.7236,52.4322,53.2531,53.0135,50.3521,46.5922,44.0038,41.17,37.9863,35.3911,31.7643,30.3238,31.4097,31.7986,28.2905,26.921,29.4232,28.0245,24.371,26.3624,27.4457
45.1926,46.9063,50.0533,51.6294,54.8462,35.8609,34.7545,33.1231,31.8027,30.6212,28.8181,27.3793,26.039,24.4918,22.8054,21.656,20.4758,18.728,16.7423,15.7273,14.3066,12.4113,11.0226,10.2197,8.76005,6.5728,5.07703,5.43324,3.78984,0.0,3.78374,5.3122,4.85323,6.16371,8.73914,9.76661,10.6162,12.5214,14.3383,15.3472,16.2874,18.7195,20.1583,21.111,22.6541,24.4714,25.9056,27.1141,28.8252,30.4437,31.6989,33.0247,34.5327,36.2305,37.9507,39.1163,40.9754,42.302,43.4598,45.3756,47.0404,48.3174,49.4976,51.3686,53.1765,53.9582,55.2716,57.6216,59.0598,60.1114,62.2586,63.3579,62.1117,60.8055,61.3704,58.3302,60.3882,61.4361,59.5574,57.8237,56.7358,55.8621,53.2606,51.3365,51.6719,50.1752,47.3487,46.3025,47.0339,44.7907,41.675,42.5968,42.7854,39.5759,37.7403,39.4072,40.9953,44.5588,46.6314,50.3604,51.4085,51.2298,48.4138,44.6535,41.8766,39.1545,35.816,33.2729,29.6751,28.2149,28.9696,29.3006,25.6782,24.6437,27.3785,25.8624,22.3653,24.7696,25.9089
44.2778,45.8755,49.1392,50.6717,53.9821,37.169,36.3145,34.8711,33.2104,31.9563,30.5329,29.0468,27.2882,25.8905,24.6079,23.0869,21.52,20.2544,18.519,16.7823,15.3911,14.3567,12.6634,10.7911,9.84516,8.93027,6.33696,4.97837,5.28418,3.78374,0.0,3.78491,5.28168,4.98708,6.31596,8.61872,9.87811,10.6772,12.3772,14.2363,14.9673,16.7975,18.6153,20.045,21.155,22.6582,24.525,25.8834,27.148,28.7765,30.4142,31.5965,32.7797,34.6905,36.63,37.5255,39.2453,40.8547,42.0893,43.7372,45.4512,46.9738,48.0346,49.709,51.695,52.6057,53.7075,55.9986,57.6464,58.689,60.6556,61.8365,60.4344,59.2699,60.0424,57.145,59.3761,60.2948,58.4991,56.5851,55.4389,54.7949,52.2035,50.0764,50.5209,49.2671,46.3128,45.1677,46.1614,44.0821,40.8007,41.7747,42.293,39.1342,37.0986,38.8269,40.664,44.2651,46.3617,50.1205,51.0957,50.6418,47.7654,43.9762,41.1953,38.2612,35.0172,32.1884,28.727,26.8521,27.5517,27.5188,23.9222,22.9167,25.3042,23.5152,19.975,22.2448,23.0057
43.4101,44.7588,47.9154,49.206,52.4076,38.3749,37.2377,36.056,34.5802,32.9716,31.4624,30.3973,28.5835,26.7424,25.6822,24.6071,22.705,21.0656,19.8578,18.3585,16.2483,15.2524,14.4387,12.3879,10.3669,10.0133,8.63992,6.19931,4.90678,5.3122,3.78491,0.0,3.72687,5.35028,5.2243,6.19837,8.68969,9.93758,10.5458,12.1818,13.7974,15.4865,16.6319,18.3577,19.9523,21.0761,22.6209,24.4157,25.801,26.9911,28.6574,30.2438,31.3102,32.906,35.0222,36.1647,37.6481,39.0898,40.5917,42.3078,43.75,45.3066,46.6252,48.2114,50.0153,51.0983,52.3427,54.4641,56.0469,57.3078,59.2864,60.2611,58.7815,57.44,58.1059,55.1766,57.3019,58.0907,56.1261,54.171,53.2244,52.5842,49.8365,47.8366,48.4667,47.1059,44.0589,43.1663,44.2377,41.9648,38.7717,40.0281,40.4724,37.1568,35.3645,37.3864,39.3944,42.8859,45.2283,48.9569,49.6808,49.2032,46.5149,42.7349,40.1846,37.1729,34.1008,31.3032,27.7661,26.0868,27.2921,27.5923,24.2089,22.6226,24.8941,23.5521,19.8271,21.603,22.7142
41.3055,42.8166,45.8995,47.3076,50.4673,39.9999,38.7081,37.2793,36.0639,34.6197,32.7838,31.6464,30.2225,28.365,26.8836,26.009,24.5292,22.575,21.0061,20.0283,18.0894,16.3549,15.5378,14.325,12.1929,10.6916,9.68937,8.56001,6.09618,4.85323,5.28168,3.72687,0.0,3.80141,5.58498,5.15379,6.42719,8.88445,10.1077,10.7025,12.1604,14.6295,15.6112,16.6312,18.5104,20.1578,21.3406,22.7717,24.6023,25.975,27.1925,28.7641,30.2402,31.7322,33.5273,34.8615,36.5994,37.7997,39.103,41.0799,42.5838,43.8603,45.1988,47.0318,48.719,49.5946,51.0061,53.2571,54.6429,55.8282,57.992,58.96,57.6858,56.2732,56.7734,53.7162,55.7315,56.7225,54.7866,53.0454,52.0229,51.1465,48.4911,46.6132,47.0187,45.4851,42.6164,41.6723,42.4541,40.136,37.0411,38.1138,38.3118,35.0254,33.2831,35.1448,36.9076,40.4084,42.6673,46.386,47.2363,46.979,44.2793,40.5174,37.909,35.095,31.898,29.3489,25.6985,24.3805,25.5741,26.2419,22.8372,21.2417,23.9298,22.8917,19.2608,21.3101,22.921
39.4444,41.101,44.3329,45.9305,49.2345,41.7473,40.7453,39.1819,37.7202,36.5111,34.8574,33.3947,31.879,30.3826,28.8678,27.553,26.1892,24.6464,22.7752,21.4137,19.9687,18.454,16.9294,15.5575,14.2325,12.6744,10.604,9.75369,8.57639,6.16371,4.98708,5.35028,3.80141,0.0,3.82727,5.39167,5.14731,6.41974,8.82118,10.0405,10.3547,12.7263,14.5605,15.478,16.6501,18.554,20.2344,21.2846,22.81,24.6185,25.9576,27.0741,28.5381,30.4125,32.1207,33.1147,35.0255,36.4901,37.5682,39.379,41.156,42.4939,43.5449,45.3861,47.3077,48.0735,49.2742,51.6576,53.1809,54.1651,56.2503,57.434,56.1785,54.9852,55.6692,52.7055,54.9045,55.9718,54.2577,52.4889,51.2232,50.4414,47.9647,45.8619,46.1166,44.8115,41.9852,40.7298,41.5596,39.5319,36.2633,37.0786,37.5364,34.4481,32.3474,33.9636,35.7226,39.3383,41.3957,45.1545,46.1758,45.7762,42.8795,39.0961,36.2915,33.4269,30.1379,27.4103,23.8936,22.2035,22.9874,23.2944,19.7473,18.5397,21.2256,19.8231,16.2948,18.7179,20.0911
38.7854,40.1487,43.4137,44.7965,48.1105,43.1328,42.1668,40.89,39.2755,37.8202,36.4032,35.1329,33.2853,31.6666,30.5557,29.2153,27.4144,26.0174,24.5785,22.8701,21.1077,20.1531,18.8584,16.7987,15.3324,14.6757,12.5927,10.622,9.89849,8.73914,6.31596,5.2243,5.58498,3.82727,0.0,3.83082,5.31907,4.97318,6.09125,8.44174,9.2285,10.6166,12.4112,14.1696,15.1965,16.4112,18.3605,19.9209,21.0268,22.5148,24.3028,25.565,26.5856,28.4604,30.5333,31.422,33.0136,34.6545,36.006,37.5886,39.2219,40.8354,41.9491,43.5278,45.5011,46.5183,47.6072,49.8127,51.4993,52.6271,54.5418,55.6627,54.1976,53.02,53.8337,50.9877,53.2792,54.1279,52.3729,50.3977,49.2188,48.6661,46.0868,43.8749,44.3725,43.2312,40.2129,39.0423,40.1894,38.1867,34.823,35.8943,36.6229,33.4814,31.3673,33.2511,35.3664,38.9237,41.1664,44.9175,45.6939,45.0188,42.2032,38.4099,35.7746,32.6556,29.6023,26.6171,23.2135,21.2276,22.3264,22.4732,19.1481,17.5354,19.7084,18.3351,14.604,16.4644,17.6769
37.5115,38.7469,41.8443,43.0676,46.238,44.4157,43.1404,41.9196,40.6007,38.9758,37.3055,36.3093,34.6483,32.6983,31.5117,30.6073,28.8101,26.9761,25.7101,24.4488,22.3044,20.998,20.2677,18.5227,16.3723,15.5303,14.2767,12.3509,10.4811,9.76661,8.61872,6.19837,5.15379,5.39167,3.83082,0.0,3.78165,5.4326,5.20218,6.00447,8.09602,10.0009,10.6684,12.224,14.1401,15.3187,16.5559,18.3605,19.9758,21.0908,22.5569,24.2758,25.4854,26.9229,28.9488,30.2576,31.7836,33.0587,34.5517,36.4038,37.7926,39.2344,40.6363,42.3051,44.0018,45.0463,46.4059,48.5311,50.0072,51.3034,53.3648,54.2713,52.8739,51.4608,52.0422,49.0646,51.1631,52.023,50.1007,48.2339,47.2178,46.493,43.8036,41.82,42.3556,40.9619,37.9677,37.0374,38.0501,35.79,32.5916,33.8377,34.29,30.9843,29.1783,31.2638,33.3676,36.8199,39.2543,42.9679,43.5871,43.0635,40.4329,36.6614,34.2199,31.1781,28.2084,25.4616,21.8905,20.4254,22.0434,22.8098,19.7289,17.556,19.9007,19.2422,15.5108,16.996,18.9047
34.9469,36.461,39.5997,41.0821,44.318,46.3096,45.0957,43.6066,42.3311,40.9693,39.168,37.9225,36.4883,34.7396,33.2308,32.2116,30.775,28.9562,27.2708,26.1474,24.381,22.7176,21.6144,20.3058,18.4851,16.9648,15.4493,14.3185,12.4516,10.6162,9.87811,8.68969,6.42719,5.14731,5.31907,3.78165,0.0,3.79099,5.6204,5.29829,5.83525,8.81833,10.026,10.5232,12.1972,14.231,15.4473,16.5052,18.3886,20.0493,21.1146,22.4615,24.101,25.7199,27.341,28.5926,30.5075,31.7337,32.8571,34.8496,36.4998,37.7076,38.9196,40.8373,42.5892,43.3514,44.7223,47.068,48.4527,49.532,51.7156,52.7696,51.5806,50.2562,50.8086,47.7752,49.8944,51.0006,49.2599,47.5803,46.3263,45.441,42.9688,40.9504,41.1595,39.7578,36.9749,35.7714,36.5259,34.4293,31.2074,32.0736,32.4602,29.327,27.3036,29.0392,30.8875,34.4475,36.6551,40.3993,41.2742,40.8732,38.0818,34.3023,31.6451,28.7612,25.5721,22.9409,19.3187,17.9597,19.2676,20.1748,16.9653,15.0443,17.8617,17.2675,13.7498,15.7987,18.0111
33.8743,35.3232,38.6271,40.1365,43.5093,47.8033,46.8287,45.4063,43.8569,42.5268,40.9963,39.6225,37.9312,36.3746,35.0679,33.7229,32.128,30.6725,29.0152,27.4506,25.8468,24.6161,23.1861,21.4395,20.0424,18.9247,16.8195,15.3647,14.3392,12.5214,10.6772,9.93758,8.88445,6.41974,4.97318,5.4326,3.79099,0.0,3.83945,5.50911,4.58538,6.36809,8.78446,9.91384,10.4995,12.2577,14.3007,15.3457,16.5186,18.4095,19.9714,20.9407,22.2127,24.2378,26.0541,26.8707,28.7173,30.3468,31.4536,33.1056,34.9183,36.3939,37.3711,39.1006,41.1189,41.9615,43.0459,45.3887,47.0248,48.0174,50.0019,51.2151,49.8887,48.7813,49.5983,46.7392,49.0874,50.1003,48.5258,46.6718,45.2704,44.6409,42.2559,39.9604,40.2136,39.1431,36.2651,34.8427,35.8742,34.0702,30.6345,31.4428,32.2669,29.2998,26.9456,28.6258,30.7098,34.3165,36.4483,40.2085,41.0746,40.3562,37.4433,33.6486,30.9268,27.8187,24.7193,21.7107,18.3396,16.3096,17.3919,17.7434,14.5051,12.6899,15.1149,14.0943,10.4305,12.5335,14.4073
33.7396,34.7924,38.0027,39.1722,42.4473,48.864,47.7565,46.6007,45.0841,43.4669,41.9994,40.9239,39.0676,37.2481,36.2232,35.0833,33.1572,31.5986,30.3581,28.7633,26.7452,25.7599,24.7663,22.6992,20.9003,20.3109,18.5701,16.4629,15.271,14.3383,12.3772,10.5458,10.1077,8.82118,6.09125,5.20218,5.6204,3.83945,0.0,3.75484,4.96355,5.17408,6.40542,8.76918,9.89114,10.5469,12.4073,14.3539,15.3626,16.5263,18.4334,19.9319,20.7864,22.4868,24.715,25.7111,27.1255,28.7027,30.2306,31.8087,33.2815,34.9522,36.2018,37.6969,39.5812,40.7221,41.8684,43.9586,45.6305,46.893,48.7905,49.7909,48.2787,47.0256,47.8237,44.9992,47.3082,48.0871,46.3379,44.3261,43.147,42.6498,40.0605,37.8092,38.372,37.2959,34.2143,33.0717,34.3609,32.3892,28.9755,30.2038,31.1108,27.9683,25.8467,27.9596,30.3863,33.837,36.2772,39.9855,40.4992,39.6188,36.9297,33.1569,30.7603,27.4664,24.7024,21.6255,18.3122,16.3691,18.1434,18.7092,15.9776,13.4339,15.2535,14.7742,11.0408,11.9882,14.0733
31.7919,32.8755,35.932,37.0845,40.2477,50.3968,49.0689,47.8242,46.5683,44.9472,43.2119,42.2319,40.6355,38.656,37.4139,36.5578,34.8104,32.9238,31.6155,30.4214,28.2988,26.8912,26.1381,24.4892,22.3623,21.3543,20.0601,18.3061,16.4142,15.3472,14.2363,12.1818,10.7025,10.0405,8.44174,6.00447,5.29829,5.50911,3.75484,0.0,3.77666,5.51932,5.06642,6.28075,8.64964,9.84317,10.6506,12.4522,14.3048,15.3448,16.5851,18.4188,19.7686,21.059,22.9855,24.4331,26.0073,27.1392,28.607,30.5686,31.9265,33.2705,34.7243,36.4625,38.0813,39.0874,40.529,42.662,44.0586,45.3734,47.4945,48.3565,47.0336,45.5834,46.1178,43.1166,45.231,46.163,44.3305,42.5391,41.4033,40.6251,38.0316,36.0104,36.4285,35.0621,32.1207,31.0874,32.0758,29.8975,26.6425,27.8523,28.407,25.1543,23.2478,25.4007,27.674,31.0845,33.6105,37.3051,37.8016,37.1602,34.572,30.8089,28.4926,25.3742,22.5679,19.8343,16.29,15.0516,17.2178,18.525,16.0162,13.118,15.3793,15.6793,12.2552,13.1495,15.9699
29.6453,31.0174,34.2452,35.7093,39.0383,51.8938,50.7588,49.322,47.9405,46.5592,44.8689,43.6025,42.0453,40.3406,38.9443,37.8081,36.2637,34.5864,32.954,31.6279,29.8828,28.4276,27.216,25.6674,23.9892,22.6941,20.9261,19.561,18.0515,16.2874,14.9673,13.7974,12.1604,10.3547,9.2285,8.09602,5.83525,4.58538,4.96355,3.77666,0.0,3.76616,5.44007,5.45421,6.38137,8.67134,10.1777,10.9445,12.5931,14.5162,15.6602,16.7491,18.3421,20.1583,21.7677,22.8305,24.7976,26.1727,27.221,29.0968,30.8573,32.1407,33.2253,35.1008,36.9677,37.731,38.9865,41.3532,42.83,43.8579,45.9722,47.099,45.8932,44.6815,45.3639,42.4221,44.7026,45.8189,44.2704,42.5526,41.0947,40.3239,38.0063,35.7776,35.8942,34.7359,31.9579,30.4995,31.3943,29.583,26.1741,26.9229,27.6881,24.7412,22.3741,24.0802,26.2108,29.786,32.0041,35.7528,36.5378,35.8359,32.9811,29.187,26.5594,23.4557,20.4165,17.5129,14.0292,12.362,14.0086,15.1049,12.3741,9.74975,12.3958,12.48,9.19809,10.7981,13.704
28.8801,29.9369,33.2462,34.5268,37.9125,53.7362,52.7065,51.4406,49.8856,48.3941,46.9196,45.7032,43.8967,42.2042,41.0717,39.8117,38.0156,36.5339,35.1055,33.4831,31.6658,30.5912,29.3648,27.4133,25.8317,24.9953,23.0365,21.2327,20.1344,18.7195,16.7975,15.4865,14.6295,12.7263,10.6166,10.0009,8.81833,6.36809,5.17408,5.51932,3.76616,0.0,3.81712,5.54215,5.05126,5.93159,8.46652,9.81357,10.426,12.1416,14.0661,15.0702,15.9852,18.0327,20.0917,20.8183,22.4526,24.1963,25.4776,26.9753,28.6914,30.3419,31.363,32.9234,34.9601,35.9692,36.9956,39.2135,40.9386,42.0416,43.9257,45.074,43.641,42.5436,43.4542,40.6936,43.1565,44.0583,42.569,40.6117,39.1397,38.6771,36.3351,33.8776,34.2058,33.3587,30.3894,28.884,30.1878,28.5712,24.9947,25.9282,27.1565,24.302,21.7853,23.6772,26.2117,29.6915,32.0001,35.6994,36.2646,35.1829,32.367,28.6021,26.1403,22.7393,20.0541,16.7754,13.7013,11.4005,13.2876,13.946,11.6919,8.66123,10.2683,10.4345,7.07207,7.63504,10.6027
