ep.A<-c(122, 124, 126, 130, 131, 132, 133, 135, 137, 138, 140, 142, 143, 144, 145, 146, 150, 152, 168)
ep.B<-c(128, 129, 155, 156, 157, 158, 159, 160, 163, 164, 165, 186, 187, 188, 189, 190, 192, 193, 194, 196, 197, 198)
ep.C<-c(44, 45, 46, 47, 48, 50, 51, 53, 54, 273, 275, 276, 278, 279, 280, 294, 297, 299, 300, 304, 305, 307, 308, 309, 310, 311, 312)
ep.D<-c(96, 102, 103, 117, 121, 167, 170, 171, 172, 173, 174, 175, 176, 177, 179, 182, 201, 203, 207, 208, 209, 212, 213, 214, 215, 216, 217, 218, 219, 226, 227, 228, 229, 230, 238, 240, 242, 244, 246, 247, 248)
ep.E<-c(57, 59, 62, 63, 67, 75, 78, 80, 81, 82, 83, 86, 87, 88, 91, 92, 94, 109, 260, 261, 262, 265)
ep.total<-c(ep.A, ep.B, ep.C, ep.D, ep.E)
deem<-c(122, 124, 126, 131, 133, 137, 140, 142, 144, 145, 128, 155, 156, 157, 158, 159, 189, 192, 193, 197, 45, 50, 273, 275, 278, 312, 121, 172, 173, 201, 207, 219, 226, 227, 229, 246, 57, 62, 75, 78, 83, 92, 260, 262, 3, 5, 25, 33, 49, 106, 202, 222, 225, 271)


